Polyline with Points: (740.071289,-1650.501953) (740.071289,-1770.501953) (860.071289,-1770.501953) (860.071289,-1650.501953) (740.071289,-1650.501953)
Polyline with Points: (740.071289,-1170.501953) (740.071289,-1290.501953) (860.071289,-1290.501953) (860.071289,-1170.501953) (740.071289,-1170.501953)
Polyline with Points: (740.071289,-752.986328) (740.071289,-872.986328) (860.071289,-872.986328) (860.071289,-752.986328) (740.071289,-752.986328)
Polyline with Points: (980.071289,-2010.501953) (980.071289,-2130.501953) (1100.071289,-2130.501953) (1100.071289,-2010.501953) (980.071289,-2010.501953)
Polyline with Points: (980.071289,-1890.501953) (980.071289,-2010.501953) (1100.071289,-2010.501953) (1100.071289,-1890.501953) (980.071289,-1890.501953)
Polyline with Points: (980.071289,-1770.501953) (980.071289,-1890.501953) (1100.071289,-1890.501953) (1100.071289,-1770.501953) (980.071289,-1770.501953)
Polyline with Points: (980.071289,-1650.501953) (980.071289,-1770.501953) (1100.071289,-1770.501953) (1100.071289,-1650.501953) (980.071289,-1650.501953)
Polyline with Points: (980.071289,-1530.501953) (980.071289,-1650.501953) (1100.071289,-1650.501953) (1100.071289,-1530.501953) (980.071289,-1530.501953)
Polyline with Points: (980.071289,-1410.501953) (980.071289,-1530.501953) (1100.071289,-1530.501953) (1100.071289,-1410.501953) (980.071289,-1410.501953)
Polyline with Points: (980.071289,-1290.501953) (980.071289,-1410.501953) (1100.071289,-1410.501953) (1100.071289,-1290.501953) (980.071289,-1290.501953)
Polyline with Points: (980.071289,-1170.501953) (980.071289,-1290.501953) (1100.071289,-1290.501953) (1100.071289,-1170.501953) (980.071289,-1170.501953)
Polyline with Points: (980.071289,-1050.501953) (980.071289,-1170.501953) (1100.071289,-1170.501953) (1100.071289,-1050.501953) (980.071289,-1050.501953)
Polyline with Points: (980.071289,-930.501953) (980.071289,-1050.501953) (1100.071289,-1050.501953) (1100.071289,-930.501953) (980.071289,-930.501953)
Polyline with Points: (980.071289,-810.501953) (980.071289,-930.501953) (1100.071289,-930.501953) (1100.071289,-810.501953) (980.071289,-810.501953)
Polyline with Points: (1100.071289,-2010.501953) (1100.071289,-2130.501953) (1220.071289,-2130.501953) (1220.071289,-2010.501953) (1100.071289,-2010.501953)
Polyline with Points: (1100.071289,-1890.501953) (1100.071289,-2010.501953) (1220.071289,-2010.501953) (1220.071289,-1890.501953) (1100.071289,-1890.501953)
Polyline with Points: (1100.071289,-1770.501953) (1100.071289,-1890.501953) (1220.071289,-1890.501953) (1220.071289,-1770.501953) (1100.071289,-1770.501953)
Polyline with Points: (1100.071289,-1650.501953) (1100.071289,-1770.501953) (1220.071289,-1770.501953) (1220.071289,-1650.501953) (1100.071289,-1650.501953)
Polyline with Points: (1100.071289,-1530.501953) (1100.071289,-1650.501953) (1220.071289,-1650.501953) (1220.071289,-1530.501953) (1100.071289,-1530.501953)
Polyline with Points: (1100.071289,-1410.501953) (1100.071289,-1530.501953) (1220.071289,-1530.501953) (1220.071289,-1410.501953) (1100.071289,-1410.501953)
Polyline with Points: (1100.071289,-1290.501953) (1100.071289,-1410.501953) (1220.071289,-1410.501953) (1220.071289,-1290.501953) (1100.071289,-1290.501953)
Polyline with Points: (1100.071289,-1170.501953) (1100.071289,-1290.501953) (1220.071289,-1290.501953) (1220.071289,-1170.501953) (1100.071289,-1170.501953)
Polyline with Points: (1100.071289,-1050.501953) (1100.071289,-1170.501953) (1220.071289,-1170.501953) (1220.071289,-1050.501953) (1100.071289,-1050.501953)
Polyline with Points: (1100.071289,-930.501953) (1100.071289,-1050.501953) (1220.071289,-1050.501953) (1220.071289,-930.501953) (1100.071289,-930.501953)
Polyline with Points: (1100.071289,-810.501953) (1100.071289,-930.501953) (1220.071289,-930.501953) (1220.071289,-810.501953) (1100.071289,-810.501953)
Polyline with Points: (1340.071289,-2010.501953) (1340.071289,-2130.501953) (1460.071289,-2130.501953) (1460.071289,-2010.501953) (1340.071289,-2010.501953)
Polyline with Points: (1340.071289,-1890.501953) (1340.071289,-2010.501953) (1460.071289,-2010.501953) (1460.071289,-1890.501953) (1340.071289,-1890.501953)
Polyline with Points: (1340.071289,-1770.501953) (1340.071289,-1890.501953) (1460.071289,-1890.501953) (1460.071289,-1770.501953) (1340.071289,-1770.501953)
Polyline with Points: (1340.071289,-1650.501953) (1340.071289,-1770.501953) (1460.071289,-1770.501953) (1460.071289,-1650.501953) (1340.071289,-1650.501953)
Polyline with Points: (1340.071289,-1530.501953) (1340.071289,-1650.501953) (1460.071289,-1650.501953) (1460.071289,-1530.501953) (1340.071289,-1530.501953)
Polyline with Points: (1340.071289,-1410.501953) (1340.071289,-1530.501953) (1460.071289,-1530.501953) (1460.071289,-1410.501953) (1340.071289,-1410.501953)
Polyline with Points: (1340.071289,-1290.501953) (1340.071289,-1410.501953) (1460.071289,-1410.501953) (1460.071289,-1290.501953) (1340.071289,-1290.501953)
Polyline with Points: (1340.071289,-1170.501953) (1340.071289,-1290.501953) (1460.071289,-1290.501953) (1460.071289,-1170.501953) (1340.071289,-1170.501953)
Polyline with Points: (1340.071289,-1050.501953) (1340.071289,-1170.501953) (1460.071289,-1170.501953) (1460.071289,-1050.501953) (1340.071289,-1050.501953)
Polyline with Points: (1340.071289,-930.501953) (1340.071289,-1050.501953) (1460.071289,-1050.501953) (1460.071289,-930.501953) (1340.071289,-930.501953)
Polyline with Points: (1340.071289,-810.501953) (1340.071289,-930.501953) (1460.071289,-930.501953) (1460.071289,-810.501953) (1340.071289,-810.501953)
Polyline with Points: (1460.071289,-2010.501953) (1460.071289,-2130.501953) (1580.071289,-2130.501953) (1580.071289,-2010.501953) (1460.071289,-2010.501953)
Polyline with Points: (1460.071289,-1890.501953) (1460.071289,-2010.501953) (1580.071289,-2010.501953) (1580.071289,-1890.501953) (1460.071289,-1890.501953)
Polyline with Points: (1460.071289,-1770.501953) (1460.071289,-1890.501953) (1580.071289,-1890.501953) (1580.071289,-1770.501953) (1460.071289,-1770.501953)
Polyline with Points: (1460.071289,-1650.501953) (1460.071289,-1770.501953) (1580.071289,-1770.501953) (1580.071289,-1650.501953) (1460.071289,-1650.501953)
Polyline with Points: (1460.071289,-1530.501953) (1460.071289,-1650.501953) (1580.071289,-1650.501953) (1580.071289,-1530.501953) (1460.071289,-1530.501953)
Polyline with Points: (1460.071289,-1410.501953) (1460.071289,-1530.501953) (1580.071289,-1530.501953) (1580.071289,-1410.501953) (1460.071289,-1410.501953)
Polyline with Points: (1460.071289,-1290.501953) (1460.071289,-1410.501953) (1580.071289,-1410.501953) (1580.071289,-1290.501953) (1460.071289,-1290.501953)
Polyline with Points: (1460.071289,-1170.501953) (1460.071289,-1290.501953) (1580.071289,-1290.501953) (1580.071289,-1170.501953) (1460.071289,-1170.501953)
Polyline with Points: (1460.071289,-1050.501953) (1460.071289,-1170.501953) (1580.071289,-1170.501953) (1580.071289,-1050.501953) (1460.071289,-1050.501953)
Polyline with Points: (1460.071289,-930.501953) (1460.071289,-1050.501953) (1580.071289,-1050.501953) (1580.071289,-930.501953) (1460.071289,-930.501953)
Polyline with Points: (1460.071289,-810.501953) (1460.071289,-930.501953) (1580.071289,-930.501953) (1580.071289,-810.501953) (1460.071289,-810.501953)
Polyline with Points: (1700.071289,-2010.501953) (1700.071289,-2130.501953) (1820.071289,-2130.501953) (1820.071289,-2010.501953) (1700.071289,-2010.501953)
Polyline with Points: (1700.071289,-1890.501953) (1700.071289,-2010.501953) (1820.071289,-2010.501953) (1820.071289,-1890.501953) (1700.071289,-1890.501953)
Polyline with Points: (1700.071289,-1770.501953) (1700.071289,-1890.501953) (1820.071289,-1890.501953) (1820.071289,-1770.501953) (1700.071289,-1770.501953)
Polyline with Points: (1700.071289,-1650.501953) (1700.071289,-1770.501953) (1820.071289,-1770.501953) (1820.071289,-1650.501953) (1700.071289,-1650.501953)
Polyline with Points: (1700.071289,-1530.501953) (1700.071289,-1650.501953) (1820.071289,-1650.501953) (1820.071289,-1530.501953) (1700.071289,-1530.501953)
Polyline with Points: (1700.071289,-1410.501953) (1700.071289,-1530.501953) (1820.071289,-1530.501953) (1820.071289,-1410.501953) (1700.071289,-1410.501953)
Polyline with Points: (1700.071289,-1290.501953) (1700.071289,-1410.501953) (1820.071289,-1410.501953) (1820.071289,-1290.501953) (1700.071289,-1290.501953)
Polyline with Points: (1700.071289,-1170.501953) (1700.071289,-1290.501953) (1820.071289,-1290.501953) (1820.071289,-1170.501953) (1700.071289,-1170.501953)
Polyline with Points: (1700.071289,-1050.501953) (1700.071289,-1170.501953) (1820.071289,-1170.501953) (1820.071289,-1050.501953) (1700.071289,-1050.501953)
Polyline with Points: (1700.071289,-930.501953) (1700.071289,-1050.501953) (1820.071289,-1050.501953) (1820.071289,-930.501953) (1700.071289,-930.501953)
Polyline with Points: (1700.071289,-810.501953) (1700.071289,-930.501953) (1820.071289,-930.501953) (1820.071289,-810.501953) (1700.071289,-810.501953)
Polyline with Points: (1820.071289,-2010.501953) (1820.071289,-2130.501953) (1940.071289,-2130.501953) (1940.071289,-2010.501953) (1820.071289,-2010.501953)
Polyline with Points: (1820.071289,-1890.501953) (1820.071289,-2010.501953) (1940.071289,-2010.501953) (1940.071289,-1890.501953) (1820.071289,-1890.501953)
Polyline with Points: (1820.071289,-1770.501953) (1820.071289,-1890.501953) (1940.071289,-1890.501953) (1940.071289,-1770.501953) (1820.071289,-1770.501953)
Polyline with Points: (1820.071289,-1650.501953) (1820.071289,-1770.501953) (1940.071289,-1770.501953) (1940.071289,-1650.501953) (1820.071289,-1650.501953)
Polyline with Points: (1820.071289,-1530.501953) (1820.071289,-1650.501953) (1940.071289,-1650.501953) (1940.071289,-1530.501953) (1820.071289,-1530.501953)
Polyline with Points: (1820.071289,-1410.501953) (1820.071289,-1530.501953) (1940.071289,-1530.501953) (1940.071289,-1410.501953) (1820.071289,-1410.501953)
Polyline with Points: (1820.071289,-1290.501953) (1820.071289,-1410.501953) (1940.071289,-1410.501953) (1940.071289,-1290.501953) (1820.071289,-1290.501953)
Polyline with Points: (1820.071289,-1170.501953) (1820.071289,-1290.501953) (1940.071289,-1290.501953) (1940.071289,-1170.501953) (1820.071289,-1170.501953)
Polyline with Points: (1820.071289,-1050.501953) (1820.071289,-1170.501953) (1940.071289,-1170.501953) (1940.071289,-1050.501953) (1820.071289,-1050.501953)
Polyline with Points: (1820.071289,-930.501953) (1820.071289,-1050.501953) (1940.071289,-1050.501953) (1940.071289,-930.501953) (1820.071289,-930.501953)
Polyline with Points: (1820.071289,-810.501953) (1820.071289,-930.501953) (1940.071289,-930.501953) (1940.071289,-810.501953) (1820.071289,-810.501953)
Polyline with Points: (2060.071289,-2010.501953) (2060.071289,-2130.501953) (2180.071289,-2130.501953) (2180.071289,-2010.501953) (2060.071289,-2010.501953)
Polyline with Points: (2060.071289,-1890.501953) (2060.071289,-2010.501953) (2180.071289,-2010.501953) (2180.071289,-1890.501953) (2060.071289,-1890.501953)
Polyline with Points: (2060.071289,-1770.501953) (2060.071289,-1890.501953) (2180.071289,-1890.501953) (2180.071289,-1770.501953) (2060.071289,-1770.501953)
Polyline with Points: (2060.071289,-1650.501953) (2060.071289,-1770.501953) (2180.071289,-1770.501953) (2180.071289,-1650.501953) (2060.071289,-1650.501953)
Polyline with Points: (2060.071289,-1530.501953) (2060.071289,-1650.501953) (2180.071289,-1650.501953) (2180.071289,-1530.501953) (2060.071289,-1530.501953)
Polyline with Points: (2060.071289,-1410.501953) (2060.071289,-1530.501953) (2180.071289,-1530.501953) (2180.071289,-1410.501953) (2060.071289,-1410.501953)
Polyline with Points: (2060.071289,-1290.501953) (2060.071289,-1410.501953) (2180.071289,-1410.501953) (2180.071289,-1290.501953) (2060.071289,-1290.501953)
Polyline with Points: (2060.071289,-1170.501953) (2060.071289,-1290.501953) (2180.071289,-1290.501953) (2180.071289,-1170.501953) (2060.071289,-1170.501953)
Polyline with Points: (2060.071289,-1050.501953) (2060.071289,-1170.501953) (2180.071289,-1170.501953) (2180.071289,-1050.501953) (2060.071289,-1050.501953)
Polyline with Points: (2060.071289,-930.501953) (2060.071289,-1050.501953) (2180.071289,-1050.501953) (2180.071289,-930.501953) (2060.071289,-930.501953)
Polyline with Points: (2060.071289,-810.501953) (2060.071289,-930.501953) (2180.071289,-930.501953) (2180.071289,-810.501953) (2060.071289,-810.501953)
Polyline with Points: (2180.071289,-2010.501953) (2180.071289,-2130.501953) (2300.071289,-2130.501953) (2300.071289,-2010.501953) (2180.071289,-2010.501953)
Polyline with Points: (2180.071289,-1890.501953) (2180.071289,-2010.501953) (2300.071289,-2010.501953) (2300.071289,-1890.501953) (2180.071289,-1890.501953)
Polyline with Points: (2180.071289,-1770.501953) (2180.071289,-1890.501953) (2300.071289,-1890.501953) (2300.071289,-1770.501953) (2180.071289,-1770.501953)
Polyline with Points: (2180.071289,-1650.501953) (2180.071289,-1770.501953) (2300.071289,-1770.501953) (2300.071289,-1650.501953) (2180.071289,-1650.501953)
Polyline with Points: (2180.071289,-1530.501953) (2180.071289,-1650.501953) (2300.071289,-1650.501953) (2300.071289,-1530.501953) (2180.071289,-1530.501953)
Polyline with Points: (2180.071289,-1410.501953) (2180.071289,-1530.501953) (2300.071289,-1530.501953) (2300.071289,-1410.501953) (2180.071289,-1410.501953)
Polyline with Points: (2180.071289,-1290.501953) (2180.071289,-1410.501953) (2300.071289,-1410.501953) (2300.071289,-1290.501953) (2180.071289,-1290.501953)
Polyline with Points: (2180.071289,-1170.501953) (2180.071289,-1290.501953) (2300.071289,-1290.501953) (2300.071289,-1170.501953) (2180.071289,-1170.501953)
Polyline with Points: (2180.071289,-1050.501953) (2180.071289,-1170.501953) (2300.071289,-1170.501953) (2300.071289,-1050.501953) (2180.071289,-1050.501953)
Polyline with Points: (2180.071289,-930.501953) (2180.071289,-1050.501953) (2300.071289,-1050.501953) (2300.071289,-930.501953) (2180.071289,-930.501953)
Polyline with Points: (2180.071289,-810.501953) (2180.071289,-930.501953) (2300.071289,-930.501953) (2300.071289,-810.501953) (2180.071289,-810.501953)
Polyline with Points: (2420.071289,-2010.501953) (2420.071289,-2130.501953) (2540.071289,-2130.501953) (2540.071289,-2010.501953) (2420.071289,-2010.501953)
Polyline with Points: (2420.071289,-1890.501953) (2420.071289,-2010.501953) (2540.071289,-2010.501953) (2540.071289,-1890.501953) (2420.071289,-1890.501953)
Polyline with Points: (2420.071289,-1770.501953) (2420.071289,-1890.501953) (2540.071289,-1890.501953) (2540.071289,-1770.501953) (2420.071289,-1770.501953)
Polyline with Points: (2420.071289,-1650.501953) (2420.071289,-1770.501953) (2540.071289,-1770.501953) (2540.071289,-1650.501953) (2420.071289,-1650.501953)
Polyline with Points: (2420.071289,-1530.501953) (2420.071289,-1650.501953) (2540.071289,-1650.501953) (2540.071289,-1530.501953) (2420.071289,-1530.501953)
Polyline with Points: (2420.071289,-1410.501953) (2420.071289,-1530.501953) (2540.071289,-1530.501953) (2540.071289,-1410.501953) (2420.071289,-1410.501953)
Polyline with Points: (2420.071289,-1290.501953) (2420.071289,-1410.501953) (2540.071289,-1410.501953) (2540.071289,-1290.501953) (2420.071289,-1290.501953)
Polyline with Points: (2420.071289,-1170.501953) (2420.071289,-1290.501953) (2540.071289,-1290.501953) (2540.071289,-1170.501953) (2420.071289,-1170.501953)
Polyline with Points: (2420.071289,-1050.501953) (2420.071289,-1170.501953) (2540.071289,-1170.501953) (2540.071289,-1050.501953) (2420.071289,-1050.501953)
Polyline with Points: (2420.071289,-930.501953) (2420.071289,-1050.501953) (2540.071289,-1050.501953) (2540.071289,-930.501953) (2420.071289,-930.501953)
Polyline with Points: (2420.071289,-810.501953) (2420.071289,-930.501953) (2540.071289,-930.501953) (2540.071289,-810.501953) (2420.071289,-810.501953)
Polyline with Points: (2540.071289,-2010.501953) (2540.071289,-2130.501953) (2660.071289,-2130.501953) (2660.071289,-2010.501953) (2540.071289,-2010.501953)
Polyline with Points: (2540.071289,-1890.501953) (2540.071289,-2010.501953) (2660.071289,-2010.501953) (2660.071289,-1890.501953) (2540.071289,-1890.501953)
Polyline with Points: (2540.071289,-1770.501953) (2540.071289,-1890.501953) (2660.071289,-1890.501953) (2660.071289,-1770.501953) (2540.071289,-1770.501953)
Polyline with Points: (2540.071289,-1650.501953) (2540.071289,-1770.501953) (2660.071289,-1770.501953) (2660.071289,-1650.501953) (2540.071289,-1650.501953)
Polyline with Points: (2540.071289,-1530.501953) (2540.071289,-1650.501953) (2660.071289,-1650.501953) (2660.071289,-1530.501953) (2540.071289,-1530.501953)
Polyline with Points: (2540.071289,-1410.501953) (2540.071289,-1530.501953) (2660.071289,-1530.501953) (2660.071289,-1410.501953) (2540.071289,-1410.501953)
Polyline with Points: (2540.071289,-1290.501953) (2540.071289,-1410.501953) (2660.071289,-1410.501953) (2660.071289,-1290.501953) (2540.071289,-1290.501953)
Polyline with Points: (2540.071289,-1170.501953) (2540.071289,-1290.501953) (2660.071289,-1290.501953) (2660.071289,-1170.501953) (2540.071289,-1170.501953)
Polyline with Points: (2540.071289,-1050.501953) (2540.071289,-1170.501953) (2660.071289,-1170.501953) (2660.071289,-1050.501953) (2540.071289,-1050.501953)
Polyline with Points: (2540.071289,-930.501953) (2540.071289,-1050.501953) (2660.071289,-1050.501953) (2660.071289,-930.501953) (2540.071289,-930.501953)
Polyline with Points: (2540.071289,-810.501953) (2540.071289,-930.501953) (2660.071289,-930.501953) (2660.071289,-810.501953) (2540.071289,-810.501953)
Polyline with Points: (2780.071289,-1890.501953) (2780.071289,-2010.501953) (2900.071289,-2010.501953) (2900.071289,-1890.501953) (2780.071289,-1890.501953)
Polyline with Points: (2780.071289,-1770.501953) (2780.071289,-1890.501953) (2900.071289,-1890.501953) (2900.071289,-1770.501953) (2780.071289,-1770.501953)
Polyline with Points: (2780.071289,-1650.501953) (2780.071289,-1770.501953) (2900.071289,-1770.501953) (2900.071289,-1650.501953) (2780.071289,-1650.501953)
Polyline with Points: (2780.071289,-1530.501953) (2780.071289,-1650.501953) (2900.071289,-1650.501953) (2900.071289,-1530.501953) (2780.071289,-1530.501953)
Polyline with Points: (2780.071289,-1410.501953) (2780.071289,-1530.501953) (2900.071289,-1530.501953) (2900.071289,-1410.501953) (2780.071289,-1410.501953)
Polyline with Points: (2780.071289,-1290.501953) (2780.071289,-1410.501953) (2900.071289,-1410.501953) (2900.071289,-1290.501953) (2780.071289,-1290.501953)
Polyline with Points: (2780.071289,-1170.501953) (2780.071289,-1290.501953) (2900.071289,-1290.501953) (2900.071289,-1170.501953) (2780.071289,-1170.501953)
Polyline with Points: (2780.071289,-1050.501953) (2780.071289,-1170.501953) (2900.071289,-1170.501953) (2900.071289,-1050.501953) (2780.071289,-1050.501953)
Polyline with Points: (2780.071289,-930.501953) (2780.071289,-1050.501953) (2900.071289,-1050.501953) (2900.071289,-930.501953) (2780.071289,-930.501953)
Polyline with Points: (2780.071289,-810.501953) (2780.071289,-930.501953) (2900.071289,-930.501953) (2900.071289,-810.501953) (2780.071289,-810.501953)
Polyline with Points: (917.181641,468.508789) (917.181641,348.508789) (1037.181641,348.508789) (1037.181641,468.508789) (917.181641,468.508789)
Polyline with Points: (917.181641,588.508789) (917.181641,468.508789) (1037.181641,468.508789) (1037.181641,588.508789) (917.181641,588.508789)
Polyline with Points: (917.181641,708.508789) (917.181641,588.508789) (1037.181641,588.508789) (1037.181641,708.508789) (917.181641,708.508789)
Polyline with Points: (917.181641,1098.560547) (917.181641,978.560547) (1037.181641,978.560547) (1037.181641,1098.560547) (917.181641,1098.560547)
Polyline with Points: (917.181641,1218.560547) (917.181641,1098.560547) (1037.181641,1098.560547) (1037.181641,1218.560547) (917.181641,1218.560547)
Polyline with Points: (917.181641,1338.560547) (917.181641,1218.560547) (1037.181641,1218.560547) (1037.181641,1338.560547) (917.181641,1338.560547)
Polyline with Points: (917.181641,1458.560547) (917.181641,1338.560547) (1037.181641,1338.560547) (1037.181641,1458.560547) (917.181641,1458.560547)
Polyline with Points: (917.181641,1578.560547) (917.181641,1458.560547) (1037.181641,1458.560547) (1037.181641,1578.560547) (917.181641,1578.560547)
Polyline with Points: (917.181641,2028.508789) (917.181641,1908.508789) (1037.181641,1908.508789) (1037.181641,2028.508789) (917.181641,2028.508789)
Polyline with Points: (917.181641,2148.508789) (917.181641,2028.508789) (1037.181641,2028.508789) (1037.181641,2148.508789) (917.181641,2148.508789)
Polyline with Points: (917.181641,2268.508789) (917.181641,2148.508789) (1037.181641,2148.508789) (1037.181641,2268.508789) (917.181641,2268.508789)
Polyline with Points: (917.181641,2639.797852) (917.181641,2519.797852) (1037.181641,2519.797852) (1037.181641,2639.797852) (917.181641,2639.797852)
Polyline with Points: (1157.181641,468.508789) (1157.181641,348.508789) (1277.181641,348.508789) (1277.181641,468.508789) (1157.181641,468.508789)
Polyline with Points: (1157.181641,588.508789) (1157.181641,468.508789) (1277.181641,468.508789) (1277.181641,588.508789) (1157.181641,588.508789)
Polyline with Points: (1157.181641,708.508789) (1157.181641,588.508789) (1277.181641,588.508789) (1277.181641,708.508789) (1157.181641,708.508789)
Polyline with Points: (1157.181641,828.508789) (1157.181641,708.508789) (1277.181641,708.508789) (1277.181641,828.508789) (1157.181641,828.508789)
Polyline with Points: (1157.181641,948.508789) (1157.181641,828.508789) (1277.181641,828.508789) (1277.181641,948.508789) (1157.181641,948.508789)
Polyline with Points: (1157.181641,1068.508789) (1157.181641,948.508789) (1277.181641,948.508789) (1277.181641,1068.508789) (1157.181641,1068.508789)
Polyline with Points: (1157.181641,1188.508789) (1157.181641,1068.508789) (1277.181641,1068.508789) (1277.181641,1188.508789) (1157.181641,1188.508789)
Polyline with Points: (1157.181641,1308.508789) (1157.181641,1188.508789) (1277.181641,1188.508789) (1277.181641,1308.508789) (1157.181641,1308.508789)
Polyline with Points: (1157.181641,1428.508789) (1157.181641,1308.508789) (1277.181641,1308.508789) (1277.181641,1428.508789) (1157.181641,1428.508789)
Polyline with Points: (1157.181641,1548.508789) (1157.181641,1428.508789) (1277.181641,1428.508789) (1277.181641,1548.508789) (1157.181641,1548.508789)
Polyline with Points: (1157.181641,1788.508789) (1157.181641,1668.508789) (1277.181641,1668.508789) (1277.181641,1788.508789) (1157.181641,1788.508789)
Polyline with Points: (1157.181641,1908.508789) (1157.181641,1788.508789) (1277.181641,1788.508789) (1277.181641,1908.508789) (1157.181641,1908.508789)
Polyline with Points: (1157.181641,2028.508789) (1157.181641,1908.508789) (1277.181641,1908.508789) (1277.181641,2028.508789) (1157.181641,2028.508789)
Polyline with Points: (1157.181641,2148.508789) (1157.181641,2028.508789) (1277.181641,2028.508789) (1277.181641,2148.508789) (1157.181641,2148.508789)
Polyline with Points: (1157.181641,2268.508789) (1157.181641,2148.508789) (1277.181641,2148.508789) (1277.181641,2268.508789) (1157.181641,2268.508789)
Polyline with Points: (1157.181641,2388.508789) (1157.181641,2268.508789) (1277.181641,2268.508789) (1277.181641,2388.508789) (1157.181641,2388.508789)
Polyline with Points: (1157.181641,2508.508789) (1157.181641,2388.508789) (1277.181641,2388.508789) (1277.181641,2508.508789) (1157.181641,2508.508789)
Polyline with Points: (1157.181641,2628.508789) (1157.181641,2508.508789) (1277.181641,2508.508789) (1277.181641,2628.508789) (1157.181641,2628.508789)
Polyline with Points: (1277.181641,468.508789) (1277.181641,348.508789) (1397.181641,348.508789) (1397.181641,468.508789) (1277.181641,468.508789)
Polyline with Points: (1277.181641,588.508789) (1277.181641,468.508789) (1397.181641,468.508789) (1397.181641,588.508789) (1277.181641,588.508789)
Polyline with Points: (1277.181641,708.508789) (1277.181641,588.508789) (1397.181641,588.508789) (1397.181641,708.508789) (1277.181641,708.508789)
Polyline with Points: (1277.181641,828.508789) (1277.181641,708.508789) (1397.181641,708.508789) (1397.181641,828.508789) (1277.181641,828.508789)
Polyline with Points: (1277.181641,948.508789) (1277.181641,828.508789) (1397.181641,828.508789) (1397.181641,948.508789) (1277.181641,948.508789)
Polyline with Points: (1277.181641,1068.508789) (1277.181641,948.508789) (1397.181641,948.508789) (1397.181641,1068.508789) (1277.181641,1068.508789)
Polyline with Points: (1277.181641,1188.508789) (1277.181641,1068.508789) (1397.181641,1068.508789) (1397.181641,1188.508789) (1277.181641,1188.508789)
Polyline with Points: (1277.181641,1308.508789) (1277.181641,1188.508789) (1397.181641,1188.508789) (1397.181641,1308.508789) (1277.181641,1308.508789)
Polyline with Points: (1277.181641,1428.508789) (1277.181641,1308.508789) (1397.181641,1308.508789) (1397.181641,1428.508789) (1277.181641,1428.508789)
Polyline with Points: (1277.181641,1548.508789) (1277.181641,1428.508789) (1397.181641,1428.508789) (1397.181641,1548.508789) (1277.181641,1548.508789)
Polyline with Points: (1277.181641,1788.508789) (1277.181641,1668.508789) (1397.181641,1668.508789) (1397.181641,1788.508789) (1277.181641,1788.508789)
Polyline with Points: (1277.181641,1908.508789) (1277.181641,1788.508789) (1397.181641,1788.508789) (1397.181641,1908.508789) (1277.181641,1908.508789)
Polyline with Points: (1277.181641,2028.508789) (1277.181641,1908.508789) (1397.181641,1908.508789) (1397.181641,2028.508789) (1277.181641,2028.508789)
Polyline with Points: (1277.181641,2148.508789) (1277.181641,2028.508789) (1397.181641,2028.508789) (1397.181641,2148.508789) (1277.181641,2148.508789)
Polyline with Points: (1277.181641,2268.508789) (1277.181641,2148.508789) (1397.181641,2148.508789) (1397.181641,2268.508789) (1277.181641,2268.508789)
Polyline with Points: (1277.181641,2388.508789) (1277.181641,2268.508789) (1397.181641,2268.508789) (1397.181641,2388.508789) (1277.181641,2388.508789)
Polyline with Points: (1277.181641,2508.508789) (1277.181641,2388.508789) (1397.181641,2388.508789) (1397.181641,2508.508789) (1277.181641,2508.508789)
Polyline with Points: (1277.181641,2628.508789) (1277.181641,2508.508789) (1397.181641,2508.508789) (1397.181641,2628.508789) (1277.181641,2628.508789)
Polyline with Points: (1517.181641,588.508789) (1517.181641,468.508789) (1637.181641,468.508789) (1637.181641,588.508789) (1517.181641,588.508789)
Polyline with Points: (1517.181641,708.508789) (1517.181641,588.508789) (1637.181641,588.508789) (1637.181641,708.508789) (1517.181641,708.508789)
Polyline with Points: (1517.181641,828.508789) (1517.181641,708.508789) (1637.181641,708.508789) (1637.181641,828.508789) (1517.181641,828.508789)
Polyline with Points: (1517.181641,948.508789) (1517.181641,828.508789) (1637.181641,828.508789) (1637.181641,948.508789) (1517.181641,948.508789)
Polyline with Points: (1517.181641,1068.508789) (1517.181641,948.508789) (1637.181641,948.508789) (1637.181641,1068.508789) (1517.181641,1068.508789)
Polyline with Points: (1517.181641,1188.508789) (1517.181641,1068.508789) (1637.181641,1068.508789) (1637.181641,1188.508789) (1517.181641,1188.508789)
Polyline with Points: (1517.181641,1308.508789) (1517.181641,1188.508789) (1637.181641,1188.508789) (1637.181641,1308.508789) (1517.181641,1308.508789)
Polyline with Points: (1517.181641,1428.508789) (1517.181641,1308.508789) (1637.181641,1308.508789) (1637.181641,1428.508789) (1517.181641,1428.508789)
Polyline with Points: (1517.181641,1548.508789) (1517.181641,1428.508789) (1637.181641,1428.508789) (1637.181641,1548.508789) (1517.181641,1548.508789)
Polyline with Points: (1517.181641,1788.508789) (1517.181641,1668.508789) (1637.181641,1668.508789) (1637.181641,1788.508789) (1517.181641,1788.508789)
Polyline with Points: (1517.181641,1908.508789) (1517.181641,1788.508789) (1637.181641,1788.508789) (1637.181641,1908.508789) (1517.181641,1908.508789)
Polyline with Points: (1517.181641,2028.508789) (1517.181641,1908.508789) (1637.181641,1908.508789) (1637.181641,2028.508789) (1517.181641,2028.508789)
Polyline with Points: (1517.181641,2148.508789) (1517.181641,2028.508789) (1637.181641,2028.508789) (1637.181641,2148.508789) (1517.181641,2148.508789)
Polyline with Points: (1517.181641,2268.508789) (1517.181641,2148.508789) (1637.181641,2148.508789) (1637.181641,2268.508789) (1517.181641,2268.508789)
Polyline with Points: (1517.181641,2388.508789) (1517.181641,2268.508789) (1637.181641,2268.508789) (1637.181641,2388.508789) (1517.181641,2388.508789)
Polyline with Points: (1517.181641,2508.508789) (1517.181641,2388.508789) (1637.181641,2388.508789) (1637.181641,2508.508789) (1517.181641,2508.508789)
Polyline with Points: (1517.181641,2628.508789) (1517.181641,2508.508789) (1637.181641,2508.508789) (1637.181641,2628.508789) (1517.181641,2628.508789)
Polyline with Points: (1637.181641,588.508789) (1637.181641,468.508789) (1757.181641,468.508789) (1757.181641,588.508789) (1637.181641,588.508789)
Polyline with Points: (1637.181641,708.508789) (1637.181641,588.508789) (1757.181641,588.508789) (1757.181641,708.508789) (1637.181641,708.508789)
Polyline with Points: (1637.181641,828.508789) (1637.181641,708.508789) (1757.181641,708.508789) (1757.181641,828.508789) (1637.181641,828.508789)
Polyline with Points: (1637.181641,948.508789) (1637.181641,828.508789) (1757.181641,828.508789) (1757.181641,948.508789) (1637.181641,948.508789)
Polyline with Points: (1637.181641,1068.508789) (1637.181641,948.508789) (1757.181641,948.508789) (1757.181641,1068.508789) (1637.181641,1068.508789)
Polyline with Points: (1637.181641,1188.508789) (1637.181641,1068.508789) (1757.181641,1068.508789) (1757.181641,1188.508789) (1637.181641,1188.508789)
Polyline with Points: (1637.181641,1308.508789) (1637.181641,1188.508789) (1757.181641,1188.508789) (1757.181641,1308.508789) (1637.181641,1308.508789)
Polyline with Points: (1637.181641,1428.508789) (1637.181641,1308.508789) (1757.181641,1308.508789) (1757.181641,1428.508789) (1637.181641,1428.508789)
Polyline with Points: (1637.181641,1548.508789) (1637.181641,1428.508789) (1757.181641,1428.508789) (1757.181641,1548.508789) (1637.181641,1548.508789)
Polyline with Points: (1637.181641,1788.508789) (1637.181641,1668.508789) (1757.181641,1668.508789) (1757.181641,1788.508789) (1637.181641,1788.508789)
Polyline with Points: (1637.181641,1908.508789) (1637.181641,1788.508789) (1757.181641,1788.508789) (1757.181641,1908.508789) (1637.181641,1908.508789)
Polyline with Points: (1637.181641,2028.508789) (1637.181641,1908.508789) (1757.181641,1908.508789) (1757.181641,2028.508789) (1637.181641,2028.508789)
Polyline with Points: (1637.181641,2148.508789) (1637.181641,2028.508789) (1757.181641,2028.508789) (1757.181641,2148.508789) (1637.181641,2148.508789)
Polyline with Points: (1637.181641,2268.508789) (1637.181641,2148.508789) (1757.181641,2148.508789) (1757.181641,2268.508789) (1637.181641,2268.508789)
Polyline with Points: (1637.181641,2388.508789) (1637.181641,2268.508789) (1757.181641,2268.508789) (1757.181641,2388.508789) (1637.181641,2388.508789)
Polyline with Points: (1637.181641,2508.508789) (1637.181641,2388.508789) (1757.181641,2388.508789) (1757.181641,2508.508789) (1637.181641,2508.508789)
Polyline with Points: (1637.181641,2628.508789) (1637.181641,2508.508789) (1757.181641,2508.508789) (1757.181641,2628.508789) (1637.181641,2628.508789)
Polyline with Points: (1877.181641,468.508789) (1877.181641,348.508789) (1997.181641,348.508789) (1997.181641,468.508789) (1877.181641,468.508789)
Polyline with Points: (1877.181641,588.508789) (1877.181641,468.508789) (1997.181641,468.508789) (1997.181641,588.508789) (1877.181641,588.508789)
Polyline with Points: (1877.181641,708.508789) (1877.181641,588.508789) (1997.181641,588.508789) (1997.181641,708.508789) (1877.181641,708.508789)
Polyline with Points: (1877.181641,828.508789) (1877.181641,708.508789) (1997.181641,708.508789) (1997.181641,828.508789) (1877.181641,828.508789)
Polyline with Points: (1877.181641,948.508789) (1877.181641,828.508789) (1997.181641,828.508789) (1997.181641,948.508789) (1877.181641,948.508789)
Polyline with Points: (1877.181641,1068.508789) (1877.181641,948.508789) (1997.181641,948.508789) (1997.181641,1068.508789) (1877.181641,1068.508789)
Polyline with Points: (1877.181641,1188.508789) (1877.181641,1068.508789) (1997.181641,1068.508789) (1997.181641,1188.508789) (1877.181641,1188.508789)
Polyline with Points: (1877.181641,1308.508789) (1877.181641,1188.508789) (1997.181641,1188.508789) (1997.181641,1308.508789) (1877.181641,1308.508789)
Polyline with Points: (1877.181641,1428.508789) (1877.181641,1308.508789) (1997.181641,1308.508789) (1997.181641,1428.508789) (1877.181641,1428.508789)
Polyline with Points: (1877.181641,1548.508789) (1877.181641,1428.508789) (1997.181641,1428.508789) (1997.181641,1548.508789) (1877.181641,1548.508789)
Polyline with Points: (1877.181641,1788.508789) (1877.181641,1668.508789) (1997.181641,1668.508789) (1997.181641,1788.508789) (1877.181641,1788.508789)
Polyline with Points: (1877.181641,1908.508789) (1877.181641,1788.508789) (1997.181641,1788.508789) (1997.181641,1908.508789) (1877.181641,1908.508789)
Polyline with Points: (1877.181641,2028.508789) (1877.181641,1908.508789) (1997.181641,1908.508789) (1997.181641,2028.508789) (1877.181641,2028.508789)
Polyline with Points: (1877.181641,2148.508789) (1877.181641,2028.508789) (1997.181641,2028.508789) (1997.181641,2148.508789) (1877.181641,2148.508789)
Polyline with Points: (1877.181641,2268.508789) (1877.181641,2148.508789) (1997.181641,2148.508789) (1997.181641,2268.508789) (1877.181641,2268.508789)
Polyline with Points: (1877.181641,2388.508789) (1877.181641,2268.508789) (1997.181641,2268.508789) (1997.181641,2388.508789) (1877.181641,2388.508789)
Polyline with Points: (1877.181641,2508.508789) (1877.181641,2388.508789) (1997.181641,2388.508789) (1997.181641,2508.508789) (1877.181641,2508.508789)
Polyline with Points: (1877.181641,2628.508789) (1877.181641,2508.508789) (1997.181641,2508.508789) (1997.181641,2628.508789) (1877.181641,2628.508789)
Polyline with Points: (1997.181641,468.508789) (1997.181641,348.508789) (2117.181641,348.508789) (2117.181641,468.508789) (1997.181641,468.508789)
Polyline with Points: (1997.181641,588.508789) (1997.181641,468.508789) (2117.181641,468.508789) (2117.181641,588.508789) (1997.181641,588.508789)
Polyline with Points: (1997.181641,708.508789) (1997.181641,588.508789) (2117.181641,588.508789) (2117.181641,708.508789) (1997.181641,708.508789)
Polyline with Points: (1997.181641,828.508789) (1997.181641,708.508789) (2117.181641,708.508789) (2117.181641,828.508789) (1997.181641,828.508789)
Polyline with Points: (1997.181641,948.508789) (1997.181641,828.508789) (2117.181641,828.508789) (2117.181641,948.508789) (1997.181641,948.508789)
Polyline with Points: (1997.181641,1068.508789) (1997.181641,948.508789) (2117.181641,948.508789) (2117.181641,1068.508789) (1997.181641,1068.508789)
Polyline with Points: (1997.181641,1188.508789) (1997.181641,1068.508789) (2117.181641,1068.508789) (2117.181641,1188.508789) (1997.181641,1188.508789)
Polyline with Points: (1997.181641,1308.508789) (1997.181641,1188.508789) (2117.181641,1188.508789) (2117.181641,1308.508789) (1997.181641,1308.508789)
Polyline with Points: (1997.181641,1428.508789) (1997.181641,1308.508789) (2117.181641,1308.508789) (2117.181641,1428.508789) (1997.181641,1428.508789)
Polyline with Points: (1997.181641,1548.508789) (1997.181641,1428.508789) (2117.181641,1428.508789) (2117.181641,1548.508789) (1997.181641,1548.508789)
Polyline with Points: (1997.181641,1788.508789) (1997.181641,1668.508789) (2117.181641,1668.508789) (2117.181641,1788.508789) (1997.181641,1788.508789)
Polyline with Points: (1997.181641,1908.508789) (1997.181641,1788.508789) (2117.181641,1788.508789) (2117.181641,1908.508789) (1997.181641,1908.508789)
Polyline with Points: (1997.181641,2028.508789) (1997.181641,1908.508789) (2117.181641,1908.508789) (2117.181641,2028.508789) (1997.181641,2028.508789)
Polyline with Points: (1997.181641,2148.508789) (1997.181641,2028.508789) (2117.181641,2028.508789) (2117.181641,2148.508789) (1997.181641,2148.508789)
Polyline with Points: (1997.181641,2268.508789) (1997.181641,2148.508789) (2117.181641,2148.508789) (2117.181641,2268.508789) (1997.181641,2268.508789)
Polyline with Points: (1997.181641,2388.508789) (1997.181641,2268.508789) (2117.181641,2268.508789) (2117.181641,2388.508789) (1997.181641,2388.508789)
Polyline with Points: (1997.181641,2508.508789) (1997.181641,2388.508789) (2117.181641,2388.508789) (2117.181641,2508.508789) (1997.181641,2508.508789)
Polyline with Points: (1997.181641,2628.508789) (1997.181641,2508.508789) (2117.181641,2508.508789) (2117.181641,2628.508789) (1997.181641,2628.508789)
Polyline with Points: (2225.181641,468.508789) (2225.181641,348.508789) (2345.181641,348.508789) (2345.181641,468.508789) (2225.181641,468.508789)
Polyline with Points: (2225.181641,588.508789) (2225.181641,468.508789) (2345.181641,468.508789) (2345.181641,588.508789) (2225.181641,588.508789)
Polyline with Points: (2225.181641,708.508789) (2225.181641,588.508789) (2345.181641,588.508789) (2345.181641,708.508789) (2225.181641,708.508789)
Polyline with Points: (2225.181641,828.508789) (2225.181641,708.508789) (2345.181641,708.508789) (2345.181641,828.508789) (2225.181641,828.508789)
Polyline with Points: (2225.181641,1068.508789) (2225.181641,948.508789) (2345.181641,948.508789) (2345.181641,1068.508789) (2225.181641,1068.508789)
Polyline with Points: (2225.181641,1188.508789) (2225.181641,1068.508789) (2345.181641,1068.508789) (2345.181641,1188.508789) (2225.181641,1188.508789)
Polyline with Points: (2225.181641,1428.508789) (2225.181641,1308.508789) (2345.181641,1308.508789) (2345.181641,1428.508789) (2225.181641,1428.508789)
Polyline with Points: (2225.181641,1548.508789) (2225.181641,1428.508789) (2345.181641,1428.508789) (2345.181641,1548.508789) (2225.181641,1548.508789)
Polyline with Points: (2225.181641,1668.508789) (2225.181641,1548.508789) (2345.181641,1548.508789) (2345.181641,1668.508789) (2225.181641,1668.508789)
Polyline with Points: (2225.181641,1788.508789) (2225.181641,1668.508789) (2345.181641,1668.508789) (2345.181641,1788.508789) (2225.181641,1788.508789)
Polyline with Points: (2225.181641,2028.508789) (2225.181641,1908.508789) (2345.181641,1908.508789) (2345.181641,2028.508789) (2225.181641,2028.508789)
Polyline with Points: (2225.181641,2148.508789) (2225.181641,2028.508789) (2345.181641,2028.508789) (2345.181641,2148.508789) (2225.181641,2148.508789)
Polyline with Points: (2225.181641,2268.508789) (2225.181641,2148.508789) (2345.181641,2148.508789) (2345.181641,2268.508789) (2225.181641,2268.508789)
Polyline with Points: (2225.181641,2388.508789) (2225.181641,2268.508789) (2345.181641,2268.508789) (2345.181641,2388.508789) (2225.181641,2388.508789)
Polyline with Points: (27.133301,353.008789) (27.133301,233.008789) (147.133301,233.008789) (147.133301,353.008789) (27.133301,353.008789)
Polyline with Points: (-241.817871,353.008789) (-241.817871,233.008789) (-121.817871,233.008789) (-121.817871,353.008789) (-241.817871,353.008789)
Polyline with Points: (-512.147949,353.008789) (-512.147949,233.008789) (-392.147949,233.008789) (-392.147949,353.008789) (-512.147949,353.008789)
Polyline with Points: (118.182129,569.008789) (118.182129,449.008789) (238.182129,449.008789) (238.182129,569.008789) (118.182129,569.008789)
Polyline with Points: (-1.817871,569.008789) (-1.817871,449.008789) (118.182129,449.008789) (118.182129,569.008789) (-1.817871,569.008789)
Polyline with Points: (-121.817871,569.008789) (-121.817871,449.008789) (-1.817871,449.008789) (-1.817871,569.008789) (-121.817871,569.008789)
Polyline with Points: (-241.817871,569.008789) (-241.817871,449.008789) (-121.817871,449.008789) (-121.817871,569.008789) (-241.817871,569.008789)
Polyline with Points: (-361.817871,569.008789) (-361.817871,449.008789) (-241.817871,449.008789) (-241.817871,569.008789) (-361.817871,569.008789)
Polyline with Points: (-481.817871,569.008789) (-481.817871,449.008789) (-361.817871,449.008789) (-361.817871,569.008789) (-481.817871,569.008789)
Polyline with Points: (-601.817871,569.008789) (-601.817871,449.008789) (-481.817871,449.008789) (-481.817871,569.008789) (-601.817871,569.008789)
Polyline with Points: (118.182129,689.008789) (118.182129,569.008789) (238.182129,569.008789) (238.182129,689.008789) (118.182129,689.008789)
Polyline with Points: (-1.817871,689.008789) (-1.817871,569.008789) (118.182129,569.008789) (118.182129,689.008789) (-1.817871,689.008789)
Polyline with Points: (-121.817871,689.008789) (-121.817871,569.008789) (-1.817871,569.008789) (-1.817871,689.008789) (-121.817871,689.008789)
Polyline with Points: (-241.817871,689.008789) (-241.817871,569.008789) (-121.817871,569.008789) (-121.817871,689.008789) (-241.817871,689.008789)
Polyline with Points: (-361.817871,689.008789) (-361.817871,569.008789) (-241.817871,569.008789) (-241.817871,689.008789) (-361.817871,689.008789)
Polyline with Points: (-481.817871,689.008789) (-481.817871,569.008789) (-361.817871,569.008789) (-361.817871,689.008789) (-481.817871,689.008789)
Polyline with Points: (-601.817871,689.008789) (-601.817871,569.008789) (-481.817871,569.008789) (-481.817871,689.008789) (-601.817871,689.008789)
Polyline with Points: (118.182129,929.008789) (118.182129,809.008789) (238.182129,809.008789) (238.182129,929.008789) (118.182129,929.008789)
Polyline with Points: (-1.817871,929.008789) (-1.817871,809.008789) (118.182129,809.008789) (118.182129,929.008789) (-1.817871,929.008789)
Polyline with Points: (-121.817871,929.008789) (-121.817871,809.008789) (-1.817871,809.008789) (-1.817871,929.008789) (-121.817871,929.008789)
Polyline with Points: (-241.817871,929.008789) (-241.817871,809.008789) (-121.817871,809.008789) (-121.817871,929.008789) (-241.817871,929.008789)
Polyline with Points: (-361.817871,929.008789) (-361.817871,809.008789) (-241.817871,809.008789) (-241.817871,929.008789) (-361.817871,929.008789)
Polyline with Points: (-481.817871,929.008789) (-481.817871,809.008789) (-361.817871,809.008789) (-361.817871,929.008789) (-481.817871,929.008789)
Polyline with Points: (-601.817871,929.008789) (-601.817871,809.008789) (-481.817871,809.008789) (-481.817871,929.008789) (-601.817871,929.008789)
Polyline with Points: (118.182129,1049.008789) (118.182129,929.008789) (238.182129,929.008789) (238.182129,1049.008789) (118.182129,1049.008789)
Polyline with Points: (-1.817871,1049.008789) (-1.817871,929.008789) (118.182129,929.008789) (118.182129,1049.008789) (-1.817871,1049.008789)
Polyline with Points: (-121.817871,1049.008789) (-121.817871,929.008789) (-1.817871,929.008789) (-1.817871,1049.008789) (-121.817871,1049.008789)
Polyline with Points: (-241.817871,1049.008789) (-241.817871,929.008789) (-121.817871,929.008789) (-121.817871,1049.008789) (-241.817871,1049.008789)
Polyline with Points: (-361.817871,1049.008789) (-361.817871,929.008789) (-241.817871,929.008789) (-241.817871,1049.008789) (-361.817871,1049.008789)
Polyline with Points: (-481.817871,1049.008789) (-481.817871,929.008789) (-361.817871,929.008789) (-361.817871,1049.008789) (-481.817871,1049.008789)
Polyline with Points: (-601.817871,1049.008789) (-601.817871,929.008789) (-481.817871,929.008789) (-481.817871,1049.008789) (-601.817871,1049.008789)
Polyline with Points: (118.182129,1289.008789) (118.182129,1169.008789) (238.182129,1169.008789) (238.182129,1289.008789) (118.182129,1289.008789)
Polyline with Points: (-1.817871,1289.008789) (-1.817871,1169.008789) (118.182129,1169.008789) (118.182129,1289.008789) (-1.817871,1289.008789)
Polyline with Points: (-121.817871,1289.008789) (-121.817871,1169.008789) (-1.817871,1169.008789) (-1.817871,1289.008789) (-121.817871,1289.008789)
Polyline with Points: (-241.817871,1289.008789) (-241.817871,1169.008789) (-121.817871,1169.008789) (-121.817871,1289.008789) (-241.817871,1289.008789)
Polyline with Points: (-361.817871,1289.008789) (-361.817871,1169.008789) (-241.817871,1169.008789) (-241.817871,1289.008789) (-361.817871,1289.008789)
Polyline with Points: (-481.817871,1289.008789) (-481.817871,1169.008789) (-361.817871,1169.008789) (-361.817871,1289.008789) (-481.817871,1289.008789)
Polyline with Points: (-601.817871,1289.008789) (-601.817871,1169.008789) (-481.817871,1169.008789) (-481.817871,1289.008789) (-601.817871,1289.008789)
Polyline with Points: (118.182129,1409.008789) (118.182129,1289.008789) (238.182129,1289.008789) (238.182129,1409.008789) (118.182129,1409.008789)
Polyline with Points: (-1.817871,1409.008789) (-1.817871,1289.008789) (118.182129,1289.008789) (118.182129,1409.008789) (-1.817871,1409.008789)
Polyline with Points: (-121.817871,1409.008789) (-121.817871,1289.008789) (-1.817871,1289.008789) (-1.817871,1409.008789) (-121.817871,1409.008789)
Polyline with Points: (-241.817871,1409.008789) (-241.817871,1289.008789) (-121.817871,1289.008789) (-121.817871,1409.008789) (-241.817871,1409.008789)
Polyline with Points: (-361.817871,1409.008789) (-361.817871,1289.008789) (-241.817871,1289.008789) (-241.817871,1409.008789) (-361.817871,1409.008789)
Polyline with Points: (-481.817871,1409.008789) (-481.817871,1289.008789) (-361.817871,1289.008789) (-361.817871,1409.008789) (-481.817871,1409.008789)
Polyline with Points: (-601.817871,1409.008789) (-601.817871,1289.008789) (-481.817871,1289.008789) (-481.817871,1409.008789) (-601.817871,1409.008789)
Polyline with Points: (118.182129,1649.008789) (118.182129,1529.008789) (238.182129,1529.008789) (238.182129,1649.008789) (118.182129,1649.008789)
Polyline with Points: (-1.817871,1649.008789) (-1.817871,1529.008789) (118.182129,1529.008789) (118.182129,1649.008789) (-1.817871,1649.008789)
Polyline with Points: (-121.817871,1649.008789) (-121.817871,1529.008789) (-1.817871,1529.008789) (-1.817871,1649.008789) (-121.817871,1649.008789)
Polyline with Points: (-241.817871,1649.008789) (-241.817871,1529.008789) (-121.817871,1529.008789) (-121.817871,1649.008789) (-241.817871,1649.008789)
Polyline with Points: (-361.817871,1649.008789) (-361.817871,1529.008789) (-241.817871,1529.008789) (-241.817871,1649.008789) (-361.817871,1649.008789)
Polyline with Points: (-481.817871,1649.008789) (-481.817871,1529.008789) (-361.817871,1529.008789) (-361.817871,1649.008789) (-481.817871,1649.008789)
Polyline with Points: (-601.817871,1649.008789) (-601.817871,1529.008789) (-481.817871,1529.008789) (-481.817871,1649.008789) (-601.817871,1649.008789)
Polyline with Points: (118.182129,1769.008789) (118.182129,1649.008789) (238.182129,1649.008789) (238.182129,1769.008789) (118.182129,1769.008789)
Polyline with Points: (-1.817871,1769.008789) (-1.817871,1649.008789) (118.182129,1649.008789) (118.182129,1769.008789) (-1.817871,1769.008789)
Polyline with Points: (-121.817871,1769.008789) (-121.817871,1649.008789) (-1.817871,1649.008789) (-1.817871,1769.008789) (-121.817871,1769.008789)
Polyline with Points: (-241.817871,1769.008789) (-241.817871,1649.008789) (-121.817871,1649.008789) (-121.817871,1769.008789) (-241.817871,1769.008789)
Polyline with Points: (-361.817871,1769.008789) (-361.817871,1649.008789) (-241.817871,1649.008789) (-241.817871,1769.008789) (-361.817871,1769.008789)
Polyline with Points: (-481.817871,1769.008789) (-481.817871,1649.008789) (-361.817871,1649.008789) (-361.817871,1769.008789) (-481.817871,1769.008789)
Polyline with Points: (-601.817871,1769.008789) (-601.817871,1649.008789) (-481.817871,1649.008789) (-481.817871,1769.008789) (-601.817871,1769.008789)
Polyline with Points: (118.182129,2009.008789) (118.182129,1889.008789) (238.182129,1889.008789) (238.182129,2009.008789) (118.182129,2009.008789)
Polyline with Points: (-1.817871,2009.008789) (-1.817871,1889.008789) (118.182129,1889.008789) (118.182129,2009.008789) (-1.817871,2009.008789)
Polyline with Points: (-121.817871,2009.008789) (-121.817871,1889.008789) (-1.817871,1889.008789) (-1.817871,2009.008789) (-121.817871,2009.008789)
Polyline with Points: (-241.817871,2009.008789) (-241.817871,1889.008789) (-121.817871,1889.008789) (-121.817871,2009.008789) (-241.817871,2009.008789)
Polyline with Points: (-361.817871,2009.008789) (-361.817871,1889.008789) (-241.817871,1889.008789) (-241.817871,2009.008789) (-361.817871,2009.008789)
Polyline with Points: (-481.817871,2009.008789) (-481.817871,1889.008789) (-361.817871,1889.008789) (-361.817871,2009.008789) (-481.817871,2009.008789)
Polyline with Points: (-601.817871,2009.008789) (-601.817871,1889.008789) (-481.817871,1889.008789) (-481.817871,2009.008789) (-601.817871,2009.008789)
Polyline with Points: (118.182129,2129.008789) (118.182129,2009.008789) (238.182129,2009.008789) (238.182129,2129.008789) (118.182129,2129.008789)
Polyline with Points: (-1.817871,2129.008789) (-1.817871,2009.008789) (118.182129,2009.008789) (118.182129,2129.008789) (-1.817871,2129.008789)
Polyline with Points: (-121.817871,2129.008789) (-121.817871,2009.008789) (-1.817871,2009.008789) (-1.817871,2129.008789) (-121.817871,2129.008789)
Polyline with Points: (-241.817871,2129.008789) (-241.817871,2009.008789) (-121.817871,2009.008789) (-121.817871,2129.008789) (-241.817871,2129.008789)
Polyline with Points: (-361.817871,2129.008789) (-361.817871,2009.008789) (-241.817871,2009.008789) (-241.817871,2129.008789) (-361.817871,2129.008789)
Polyline with Points: (-481.817871,2129.008789) (-481.817871,2009.008789) (-361.817871,2009.008789) (-361.817871,2129.008789) (-481.817871,2129.008789)
Polyline with Points: (-601.817871,2129.008789) (-601.817871,2009.008789) (-481.817871,2009.008789) (-481.817871,2129.008789) (-601.817871,2129.008789)
Polyline with Points: (30.919434,2345.008789) (30.919434,2225.008789) (150.919434,2225.008789) (150.919434,2345.008789) (30.919434,2345.008789)
Polyline with Points: (-241.817871,2345.008789) (-241.817871,2225.008789) (-121.817871,2225.008789) (-121.817871,2345.008789) (-241.817871,2345.008789)
Polyline with Points: (-520.011719,2345.008789) (-520.011719,2225.008789) (-400.011719,2225.008789) (-400.011719,2345.008789) (-520.011719,2345.008789)
